4.2000000000e+01 1.6937901719e+00
4.6000000000e+01 1.1746066226e+01
4.8000000000e+01 2.0643332591e+01
4.9000000000e+01 2.5485685684e+01
5.0000000000e+01 3.0255763262e+01
5.1000000000e+01 3.0883178560e+01
5.2000000000e+01 3.1525382848e+01
5.3000000000e+01 3.2218873383e+01
5.4000000000e+01 3.2952566018e+01
5.5000000000e+01 3.3718624008e+01
5.6000000000e+01 3.4509348882e+01
5.7000000000e+01 3.5319164614e+01
5.8000000000e+01 3.6142574404e+01
5.9000000000e+01 3.6974414624e+01
6.0000000000e+01 3.7811629366e+01
6.1000000000e+01 3.8650461191e+01
6.2000000000e+01 3.9416268351e+01
6.3000000000e+01 3.9964382731e+01
6.4000000000e+01 4.0373351409e+01
6.5000000000e+01 4.0785211960e+01
6.6000000000e+01 4.1199657918e+01
6.7000000000e+01 4.1616728422e+01
6.8000000000e+01 4.2036766740e+01
6.9000000000e+01 4.2458835158e+01
7.0000000000e+01 4.2883361505e+01
7.1000000000e+01 4.3309107980e+01
7.2000000000e+01 4.3736431127e+01
7.3000000000e+01 4.4164799698e+01
7.4000000000e+01 4.4594157592e+01
7.5000000000e+01 4.5024595110e+01
7.6000000000e+01 4.5455172184e+01
7.7000000000e+01 4.5886018042e+01
7.8000000000e+01 4.6316344932e+01
7.9000000000e+01 4.6746768446e+01
8.0000000000e+01 4.7176907315e+01
8.1000000000e+01 4.7606667990e+01
8.2000000000e+01 4.8035528818e+01
8.3000000000e+01 4.8463320560e+01
8.4000000000e+01 4.8890280273e+01
8.5000000000e+01 4.9315705399e+01
8.6000000000e+01 4.9739656911e+01
8.7000000000e+01 5.0162028031e+01
8.8000000000e+01 5.0582499337e+01
8.9000000000e+01 5.1000761200e+01
9.0000000000e+01 5.1417215602e+01
9.1000000000e+01 5.1831161799e+01
9.2000000000e+01 5.2242655553e+01
9.3000000000e+01 5.2651867764e+01
9.4000000000e+01 5.3058079302e+01
9.5000000000e+01 5.3461484788e+01
9.6000000000e+01 5.3861995202e+01
9.7000000000e+01 5.4259823354e+01
9.8000000000e+01 5.4654519044e+01
9.9000000000e+01 5.5045732040e+01
1.0000000000e+02 5.5433697505e+01
1.0100000000e+02 5.5818656777e+01
1.0200000000e+02 5.6199622563e+01
1.0300000000e+02 5.6577325103e+01
1.0400000000e+02 5.6951847259e+01
1.0500000000e+02 5.7322868419e+01
1.0600000000e+02 5.7690257005e+01
1.0700000000e+02 5.8054248283e+01
1.0800000000e+02 5.8414346459e+01
1.0900000000e+02 5.8771003427e+01
1.1000000000e+02 5.9124173953e+01
1.1100000000e+02 5.9473583246e+01
1.1200000000e+02 5.9819335737e+01
1.1300000000e+02 6.0161222126e+01
1.1400000000e+02 6.0499494223e+01
1.1500000000e+02 6.0833849284e+01
1.1600000000e+02 6.1164598127e+01
1.1700000000e+02 6.1491365776e+01
1.1800000000e+02 6.1814357538e+01
1.1900000000e+02 6.2133796767e+01
1.2000000000e+02 6.2449409708e+01
1.2100000000e+02 6.2761129501e+01
1.2200000000e+02 6.3069056427e+01
1.2300000000e+02 6.3373297520e+01
1.2400000000e+02 6.3674116858e+01
1.2500000000e+02 6.3971238317e+01
1.2600000000e+02 6.4264843416e+01
1.2700000000e+02 6.4554623797e+01
1.2800000000e+02 6.4840802083e+01
1.2900000000e+02 6.5123774787e+01
1.3000000000e+02 6.5403234535e+01
1.3100000000e+02 6.5679054649e+01
1.3200000000e+02 6.5951345775e+01
1.3400000000e+02 6.6533243412e+01
1.3500000000e+02 6.6797601577e+01
1.3600000000e+02 6.7059386913e+01
1.3700000000e+02 6.7361475822e+01
1.3800000000e+02 6.7616528010e+01
1.3900000000e+02 6.7867886621e+01
1.4000000000e+02 6.8156197849e+01
1.4100000000e+02 6.8398896389e+01
1.4200000000e+02 6.8478885483e+01
1.4300000000e+02 6.8478885483e+01
1.4400000000e+02 6.8518709488e+01
1.4500000000e+02 6.8558420993e+01
1.4600000000e+02 6.8558420993e+01
1.4700000000e+02 6.8558420993e+01
1.4800000000e+02 6.8558420993e+01
1.4900000000e+02 6.8558420993e+01
1.5000000000e+02 6.8558420993e+01
1.5100000000e+02 6.8558420993e+01
1.5200000000e+02 6.8558420993e+01
1.5300000000e+02 6.8558420993e+01
1.5400000000e+02 6.8558420993e+01
1.5500000000e+02 6.8558420993e+01
1.5600000000e+02 6.8558420993e+01
1.5700000000e+02 6.8558420993e+01
1.5800000000e+02 6.8558420993e+01
1.5900000000e+02 6.8558420993e+01
1.6000000000e+02 6.8558420993e+01
