3.6000000000e+01 2.1500000000e-01
4.2000000000e+01 2.1365571548e-01
4.8000000000e+01 2.0013896504e-01
5.1000000000e+01 1.9252390334e-01
5.4000000000e+01 1.8911490757e-01
5.7000000000e+01 1.8618829108e-01
6.0000000000e+01 1.8358916065e-01
6.3000000000e+01 1.8136072881e-01
6.6000000000e+01 1.7963901995e-01
6.9000000000e+01 1.7791193633e-01
7.2000000000e+01 1.7619804299e-01
7.5000000000e+01 1.7449284313e-01
7.8000000000e+01 1.7279269551e-01
8.1000000000e+01 1.7110378226e-01
8.4000000000e+01 1.6942927455e-01
8.7000000000e+01 1.6777452146e-01
9.0000000000e+01 1.6614153943e-01
9.3000000000e+01 1.6453225605e-01
9.6000000000e+01 1.6293935514e-01
9.9000000000e+01 1.6137463715e-01
1.0200000000e+02 1.5982174716e-01
1.0500000000e+02 1.5828806363e-01
1.0800000000e+02 1.5677646374e-01
1.1100000000e+02 1.5529278933e-01
1.1400000000e+02 1.5383315561e-01
1.1700000000e+02 1.5239205607e-01
1.2000000000e+02 1.5097173063e-01
1.2300000000e+02 1.4956199921e-01
1.2600000000e+02 1.4817704675e-01
1.2900000000e+02 1.4680261410e-01
1.3330000000e+02 1.4487398126e-01
1.3630000000e+02 1.4368438372e-01
1.3930000000e+02 1.4272090666e-01
1.4230000000e+02 1.4213430469e-01
1.4530000000e+02 1.4204554936e-01
1.4830000000e+02 1.4204554936e-01
1.5130000000e+02 1.4204554936e-01
1.5430000000e+02 1.4204554936e-01
1.5730000000e+02 1.4204554936e-01
1.6030000000e+02 1.4204554936e-01
